-8.105017263110202919e+01
-5.998097372253258897e+01
-3.960256822080150130e+01
-2.820447700796884760e+01
-2.336892316010045079e+01
-1.818797260881288480e+01
-1.335241876094448799e+01
-8.171468209656921999e+00
-3.681311065207694355e+00
8.088460792415190781e-01
5.299003223690746722e+00
1.082535047839748188e+01
1.635169773310421704e+01
2.118725158097262806e+01
2.878597905619437824e+01
3.396692960748194423e+01
4.052946697244621532e+01
5.089136807502133308e+01
5.987168236391978837e+01
9.026659226480684595e+01
