-6.010579032640392683e+01
-4.447461898522754353e+01
-3.722128821342494831e+01
-2.858637062794566930e+01
-2.547780029717313255e+01
-2.064224644930473573e+01
-1.511589919459800058e+01
-4.063204685184530263e+00
8.155575584552821056e-02
6.644093120809777986e+00
1.182504367209734397e+01
1.527901070628906410e+01
2.184154807125330677e+01
2.598630851228336525e+01
3.323963928408594626e+01
3.842058983537351224e+01
4.152916016614606320e+01
4.429233379349941657e+01
5.361804478581704103e+01
6.413734491638967938e+01
