0.000000000000000000e+00,0.000000000000000000e+00,8.450450067708239033e+00,2.164244627723637038e+01,1.799476087764744037e+01,3.456218444613150975e+00,3.700379780821867470e+00,3.548322582173353279e+00,3.933085614359580262e+00,3.462126976340151874e+00,5.836681340952995178e+00,6.457592484608675854e+00,9.686659867278610392e+00,1.138670917693416307e+01,1.102461979840921025e+01,5.521312090328823530e+00,8.108124806254993766e-01,3.651147968079187400e+00,2.685332463223450095e+00,6.853492890127020620e-02,0.000000000000000000e+00
4.481252352827060081e-02,1.259678108789487183e+01,2.182378513049227919e+01,5.402670839477391240e+01,2.987386290572457170e+01,1.408099438102856382e+01,1.195808901930944046e+01,1.140782736614921333e+01,1.083732229556592763e+01,9.686593254918232532e+00,1.099327618983209831e+01,1.122910477604235169e+01,1.289992308002076982e+01,1.563271820172690951e+01,1.561520827678525514e+01,1.261306576311624106e+01,1.153864332169794338e+01,2.942539224319996194e+01,3.374919224852957456e+01,3.819365000547728073e+01,3.973348627656236309e-01
2.855306653644222870e-01,2.369964713773261167e+01,2.916433650526292354e+01,2.360156143702268494e+01,1.242177007366037245e+01,8.415154805634710300e+00,5.566948072874610354e+00,4.853366760737421792e+00,3.716667639641612730e+00,3.523887030684590638e+00,4.417942788866890069e+00,5.050478990821062553e+00,6.559161057403288808e+00,8.962171065545112114e+00,1.104686476271623086e+01,1.190354144174251161e+01,1.446089543576317382e+01,1.470658667449457013e+01,1.529755503109636727e+01,1.413278901917604991e+01,2.802557961763055272e-01
1.350838338409317219e+00,2.643607590928341722e+01,2.014662851312214187e+01,1.211038980828916145e+01,5.691312930381610791e+00,1.523844644965379524e+00,-9.292936243975786770e-01,-2.363135104600607050e+00,-2.879218397790817452e+00,-3.123338294588320352e+00,-2.494694438745449272e+00,-1.459541695629943403e+00,-1.501064584321839257e-01,1.672005869579071824e+00,4.061701265025109642e+00,5.074291744009741478e+00,8.106497144724389869e+00,1.121931875934605927e+01,1.734465025502987956e+01,1.624301741919569864e+01,8.694789066623075158e+00
1.210298808922716685e+00,1.506247206208842471e+01,1.313852793536429076e+01,8.140389786401454941e+00,-4.922491802182018539e-01,-5.856139909518382147e+00,-8.261340033799720928e+00,-1.051701217906684249e+01,-1.073493684538461679e+01,-1.060173595340187092e+01,-1.073322680721438260e+01,-9.294411522664653091e+00,-8.464093041820570207e+00,-6.053734850195453987e+00,-2.148895388447831678e+00,-1.390657161920977325e-01,1.731492548243674046e+00,3.922416353922070886e+00,9.759804663560531779e+00,3.879198863065280989e+01,3.547824139288901790e+01
1.444081014097187809e+00,1.246563422718415914e+01,8.493780859700063246e+00,2.723540704767078768e+00,-6.182420761435214906e+00,-1.038863505051281422e+01,-1.180907924986158264e+01,-1.379204652307527468e+01,-1.440336463324292815e+01,-1.502418722533552042e+01,-1.589486477831272637e+01,-1.407804445436453378e+01,-1.322331288900197599e+01,-1.086067230805983996e+01,-6.584842079421257210e+00,-4.383486763379758067e+00,-2.900801040395841746e+00,2.743169409299295314e-01,7.372896820320482547e+00,7.737818545635676060e+00,1.407277810922730943e+01
1.474093056616451625e+00,1.161063782511874720e+01,5.574171930281407228e+00,-2.048672196434064396e+00,-8.785964478793435006e+00,-1.133530686876566485e+01,-1.249102449579243768e+01,-1.380219443135318258e+01,-1.344780364574348219e+01,-1.379898742354175667e+01,-1.544269871882001688e+01,-1.378575156352601994e+01,-1.305371689107873223e+01,-1.087352208160912070e+01,-8.488157239987449643e+00,-7.247311398877347877e+00,-5.891455256681777719e+00,-2.497741974164685796e+00,6.085647559785201999e+00,1.442603633675378028e+01,1.382742195500147764e+00
3.592707401666580758e+00,1.184552689932283975e+01,6.352469255832404293e+00,3.470239674002386199e+00,8.995604477949623035e-02,-3.462123802052097243e+00,-5.142017875525776383e+00,-6.115975574519105784e+00,-7.071319381451182551e+00,-9.727864075865534588e+00,-1.284804162975809483e+01,-9.649068485163470044e+00,-5.510235433383265935e+00,-5.033859214461841702e+00,-3.344575655684097093e+00,5.335130347314551713e-01,9.644184562874216216e-01,2.551059638428422982e+00,8.497047633902525376e+00,6.905718299740021493e+00,1.178371909844574406e+00
2.167421102502518693e+01,2.482467533953229477e+01,1.037551555359514843e+01,7.029797074050895489e+00,9.886032977837252433e-01,-1.586504661988598630e-01,-4.458508107455858016e-01,6.274568016228635470e-01,4.312636754056974886e-01,-5.369286162488543290e+00,-1.334724109308795192e+01,-3.256993156723706928e+00,2.924880446552926561e+00,2.738391200391786739e+00,3.340818536550284712e+00,3.422120400248957139e+00,3.670849879645399660e+00,7.218962073175977601e+00,1.515670952109247338e+01,2.417546522532397191e+01,5.904024334539411001e+00
1.626265512861778717e+01,2.745508681194160161e+01,1.477448279316523916e+01,8.992669159072084639e+00,2.432185493266533882e+00,8.068191598143699406e-02,2.655431169590858898e-01,5.880807524790253593e-01,-1.336748868415049474e+00,-9.573962445606323257e+00,-2.047805995734353246e+01,-3.817145841571634168e+00,2.774028484089655411e+00,3.467225923209549698e+00,3.158042667381368407e+00,2.952707956749735185e+00,4.905094034366712208e+00,9.402275270359524484e+00,1.767354967275993971e+01,2.632352623557556015e+01,6.502829203640932754e+00
9.832267141596195970e+00,2.318274998364820050e+01,1.293412736386661521e+01,8.961369476332627926e+00,4.332527099971814621e+00,1.806966929205734207e+00,1.427905623522559564e-01,-1.856319918372866251e+00,-7.045406552048690152e+00,-1.645359167689024105e+01,-2.783402415818553166e+01,-1.040180756161453779e+01,4.948522124822911095e-01,3.871138246051869292e+00,5.551038601581819165e+00,6.608834443341332410e+00,8.246083536071290965e+00,1.088688340850288938e+01,1.584104386132150566e+01,2.200404613855019065e+01,5.099393180151860605e+00
4.496734895015400468e+00,2.086523609232624210e+01,1.196736860121238877e+01,8.254565197227501372e+00,3.469223698639901876e+00,3.892711526111163889e-01,-1.933274049884764256e+00,-4.709029938779735858e+00,-9.965236986296224231e+00,-1.988972520144772815e+01,-3.246391106656270864e+01,-1.411449457588860490e+01,-5.514529556675400457e+00,1.851238827569898771e+00,5.011323729307346930e+00,6.180211717010269723e+00,7.596142312475455682e+00,1.003694738977733358e+01,1.513178848607619642e+01,2.057135493881348154e+01,3.055197902851349401e+00
3.583481164937540431e+00,2.224110592201722625e+01,1.343077195988978367e+01,9.704367829062791273e+00,3.499895243745065443e+00,-1.191307530930341807e+00,-3.879606504645737530e+00,-7.385507762478266791e+00,-1.366132096738817125e+01,-2.863168242390237594e+01,-4.050360911183059187e+01,-2.704574796606095788e+01,-6.180841009226366367e+00,-1.159427145773828771e+00,3.264878497712777605e+00,5.414587053099725544e+00,7.511852642006157765e+00,1.113488043382119308e+01,1.700103546297746249e+01,2.071440991957565103e+01,1.575155112510180588e+00
4.319830979199111631e+00,2.569085423029200399e+01,1.544566503438137772e+01,1.075518700680854067e+01,3.337280348238561345e+00,-1.378789268084901876e+00,-3.673625407311146951e+00,-6.845666164595540337e+00,-1.453241914662844536e+01,-2.968842419608787964e+01,-4.246704163603516946e+01,-2.704433677532156466e+01,-4.469893664066539429e+00,-1.430658944877626793e+00,1.834352975573166011e+00,4.143724646846533410e+00,6.155171917470195098e+00,1.080053494187894891e+01,1.775654464643811892e+01,1.910283473449077718e+01,2.064464235380377932e+00
1.663449378523138567e+00,2.519130092900587670e+01,1.864469271711630682e+01,1.304178420689397910e+01,4.396919587129669793e+00,-3.450380287196091467e-01,-2.448620664879702868e+00,-5.313310238743618186e+00,-9.265824592660536041e+00,-1.514437570287286583e+01,-1.940478197338046229e+01,-1.216508410132095896e+01,-4.156090049983075296e+00,-8.202262433500693284e-01,2.389098483573847354e+00,3.954991862118832024e+00,6.011525311242269964e+00,1.089822124433893791e+01,1.491955079762601422e+01,6.857945785732018962e+00,9.656236718207777958e-02
4.158868619587879678e+00,3.386923093880317737e+01,2.185884104771784919e+01,1.593037651943725486e+01,6.464718345466908822e+00,1.234295105888737254e+00,-1.848316760697735983e+00,-5.292137358518390400e+00,-8.467847436181497045e+00,-1.285682028857939585e+01,-1.755809482521901188e+01,-1.092961651956208868e+01,-5.839410753846151714e+00,-1.120835596939390832e+00,3.100855987340307873e+00,4.837388219015745783e+00,6.982811269442445123e+00,1.053611311127893657e+01,1.503011193650822541e+01,4.849960253563365242e+00,1.943824299155992650e-04
2.150639326573222654e+00,3.904276233962370668e+01,2.757894137305566673e+01,2.074534062626919351e+01,9.588572309274068672e+00,2.038647657574129468e+00,-1.449001391335043243e+00,-4.561717318909149554e+00,-8.477009421566400249e+00,-1.187917972710777903e+01,-1.581260450830659892e+01,-1.019273854794638012e+01,-5.767105270447451026e+00,-7.380903584279009388e-01,4.143084665553423029e+00,6.987986864588388691e+00,9.063982108211469324e+00,1.294482073235658248e+01,1.390150078155455304e+01,4.757490111428741564e+00,0.000000000000000000e+00
1.895031168857792547e-01,8.254372781961068384e+00,1.884739535931509025e+01,2.400493373924940599e+01,1.390587375804140535e+01,7.136731258445187187e+00,4.412205644460547305e+00,2.144264409504025970e+00,-1.352035947753977618e+00,-5.104892500903940977e+00,-6.886702850544593524e+00,-3.220399785991251207e+00,1.774680451493773070e+00,6.928795367504568148e+00,7.961193134653838932e+00,9.692295397092813403e+00,1.345850748635077387e+01,1.640176338384614141e+01,1.068760071650024379e+01,1.498932088557800024e-01,0.000000000000000000e+00
0.000000000000000000e+00,6.089944598556168952e-03,2.171482804258613619e+00,7.394778022366777392e+00,1.828765819020289385e+01,1.360710718601299796e+01,8.783292030193033284e+00,6.224311772806128573e+00,3.245909348386867510e+00,9.768262303929012846e-01,6.651253286782856655e-01,2.407292725326623195e+00,5.049994986311819645e+00,9.823993304685346928e+00,1.253130685490614660e+01,1.356029771485593827e+01,1.506800093257438533e+01,9.040389179334653136e+00,2.793422038175677358e+00,6.480400317406606950e-03,0.000000000000000000e+00
0.000000000000000000e+00,0.000000000000000000e+00,0.000000000000000000e+00,2.327811554003999639e+00,1.657598873452316823e+01,2.285364192569007002e+01,1.268730794344527268e+01,8.182688690646987340e+00,4.641160181189055933e+00,1.742348973988560035e+00,4.815385144938493234e-01,2.321581901034813988e+00,6.361941529620154689e+00,1.408676256943091154e+01,1.652585581580885332e+01,1.285236447074636423e+01,9.938918241277450605e+00,2.900454795714130896e+00,1.030696451738273740e-02,0.000000000000000000e+00,0.000000000000000000e+00
0.000000000000000000e+00,0.000000000000000000e+00,0.000000000000000000e+00,2.920534985948636947e-02,4.717122641100923275e+00,1.293857128031806170e+01,6.362291360530448969e+00,2.146423295546062704e+00,1.587271992302030421e+00,1.581705134645710054e+00,1.115763620498948061e+00,1.883384695023031741e+00,4.166601340949021903e+00,3.999081425004815227e+00,2.515722619105317914e+00,6.526110185371624128e-01,7.770958602372522728e-02,5.541044270007275613e-04,0.000000000000000000e+00,0.000000000000000000e+00,0.000000000000000000e+00
