3.408285401182531427e-02,8.489865664109383925e-01,5.431952123176865932e+00,8.037960039010568991e+00,1.456250032934618766e+01,1.373352348780453092e+01,2.095795521578219933e+01,2.586881943429043318e+01,1.066494331919695497e+02,1.015104496232283680e+02,8.604696474481627888e+01,7.459051488030196708e+01,6.468548832825766226e+01,3.103640732454853080e+01,2.433620893900162585e+01,2.119394087214468314e+01,2.091758257105074392e+01,1.100305964005699622e+01,8.114875371082371558e+00,1.115632140380217407e+00,6.599995390466429149e-03,0.000000000000000000e+00
1.181712410303931726e+01,1.256504564910974864e+02,2.289820089015518363e+02,2.691206871045838511e+02,2.852925357966441311e+02,2.881274942652203208e+02,3.388470682899222766e+02,3.141329633800045258e+02,4.125922334303103298e+02,4.754399385953942101e+02,4.642434437088979280e+02,4.513136517853144483e+02,4.113703725315913289e+02,3.823943416042899912e+02,3.533605107595869868e+02,3.420324609834025864e+02,3.391607546577537846e+02,2.682839900578821357e+02,2.552549316163972435e+02,9.088977906551194508e+01,6.745694826028022284e+00,2.914222406141241139e-04
9.242771473898574186e+01,4.920638010374610758e+02,5.035323235406837625e+02,4.478868633215694217e+02,4.874084070722910269e+02,4.723639872872228125e+02,4.625577714283422210e+02,4.727775311850323874e+02,4.738637240906265333e+02,4.657117787286802582e+02,4.675529054589964062e+02,4.701164059595121216e+02,4.772498066962673988e+02,4.776892310817757448e+02,4.779450650884716651e+02,4.796612221469500241e+02,4.820323882344244453e+02,4.918152359742534259e+02,4.944374206481221563e+02,3.883884347239760473e+02,6.562878767102978372e+01,1.960209550353238406e+00
7.589554793671499056e+01,4.187818317472741683e+02,4.832477595858100585e+02,4.527767486805542489e+02,4.530311469019061974e+02,4.428676096039193339e+02,4.385422078629740099e+02,4.501149818618318363e+02,4.517776540560984699e+02,4.482709833071056096e+02,4.518897691511150470e+02,4.531678436601466160e+02,4.577969830982034409e+02,4.561258442337597216e+02,4.542540346448464561e+02,4.527404086749057797e+02,4.526598877614774210e+02,4.586538314788624575e+02,4.677671609299335387e+02,4.980278087270866649e+02,2.837907802830229116e+02,4.612054891281582769e+01
5.739168163704663783e+01,4.163445779405392955e+02,4.709396780604382116e+02,4.371345495752464103e+02,4.402909375125460656e+02,4.352347986525914507e+02,4.302739375899182619e+02,4.448723469433425635e+02,4.463393132363207769e+02,4.435405989247450975e+02,4.463017617320696786e+02,4.471696174558999815e+02,4.510329586115406642e+02,4.490821681153660165e+02,4.458211099071102694e+02,4.436772841017697147e+02,4.421803369831424675e+02,4.474217163073377037e+02,4.523996034886442317e+02,4.841432572967544274e+02,4.089051779787722580e+02,6.444147747460891651e+01
6.046838508045804872e+01,4.231625489469143417e+02,4.547892102932768239e+02,4.285558085360437985e+02,4.311871698940059900e+02,4.280813131478303717e+02,4.224769484270128146e+02,4.386081659757547868e+02,4.396343356166918852e+02,4.384757463261579460e+02,4.421170211682714353e+02,4.402536555835254148e+02,4.429876859361916672e+02,4.398035798905710863e+02,4.353072980948672352e+02,4.329908819997617115e+02,4.339206345967915581e+02,4.380760494301338781e+02,4.406428306496059122e+02,4.620055579645976991e+02,4.196796607005733790e+02,5.268481976950860712e+01
6.400844685798739420e+01,4.302996443042712258e+02,4.565427266476807517e+02,4.329209677791941999e+02,4.344422466791460806e+02,4.320168352027817491e+02,4.271163800402713946e+02,4.402808504570471655e+02,4.416667335511195347e+02,4.406701294827756215e+02,4.422128844766515385e+02,4.411603205706404651e+02,4.407653237752381301e+02,4.350155576537191564e+02,4.296125581500333510e+02,4.233854214820968878e+02,4.227041578084226785e+02,4.277296023056045442e+02,4.425462291011745606e+02,4.562742846661423641e+02,4.371998706700417188e+02,6.679413434707095121e+01
6.784654286793366396e+01,4.387422997431427234e+02,4.577660794877083958e+02,4.356325735620571891e+02,4.363861945578952373e+02,4.331589399763499273e+02,4.298690036485979249e+02,4.393880162126073969e+02,4.427285643164886437e+02,4.398587512794362056e+02,4.417497771207183632e+02,4.361704378956986830e+02,4.339440108574889905e+02,4.294500597290249857e+02,4.238777041410391462e+02,4.200600621054052226e+02,4.229236717103390220e+02,4.124988236821798750e+02,4.425669522359208372e+02,4.536339593315839238e+02,4.561519805850655871e+02,8.978351806029459681e+01
7.641091722368392425e+01,4.469717932861192367e+02,4.555204884823003226e+02,4.349247101811084804e+02,4.352945309685964617e+02,4.322744290387053070e+02,4.274385976656963635e+02,4.371061640508826258e+02,4.350461961040663823e+02,4.294678204168758953e+02,4.304852406467400669e+02,4.272651472339409224e+02,4.257963861500116991e+02,4.196909827100109283e+02,4.138611266482194537e+02,4.069089639837392838e+02,4.138244610436304924e+02,3.929505611218224317e+02,4.400771802053533861e+02,4.486576396913815188e+02,4.517199866521285685e+02,8.788547345635352315e+01
7.990214121709479400e+01,4.454380355720506941e+02,4.527343478855348167e+02,4.323754753190262932e+02,4.337357338066877901e+02,4.300023019366572612e+02,4.264919051235983147e+02,4.337956056898667612e+02,4.325364442719649674e+02,4.255769617919892767e+02,4.273814985345719606e+02,4.226694067710850504e+02,4.220493739448979795e+02,4.179729843387295887e+02,4.090067821989800905e+02,4.065953455487857582e+02,4.120163475642122535e+02,3.812048050013308398e+02,4.402649367097345134e+02,4.470281777079953258e+02,4.497687816290373917e+02,8.885343394276489448e+01
8.136406704195134409e+01,4.479466454307712411e+02,4.530461428695634254e+02,4.334692882322005403e+02,4.341567123486968285e+02,4.297921103248529562e+02,4.253293098291682668e+02,4.359222724575794246e+02,4.363406687881659991e+02,4.424482675436518662e+02,4.445812253500478164e+02,4.431698979402868304e+02,4.512417462982787697e+02,4.007811070467839158e+02,4.347526412878536348e+02,4.131856684516794758e+02,4.287662108980709377e+02,3.858762931511851662e+02,4.413291211426426912e+02,4.487237347297537440e+02,4.494123915478386380e+02,8.928548170388121719e+01
8.311503220455762175e+01,4.500220960413394664e+02,4.543409564531471574e+02,4.339923089741326407e+02,4.348961976861818925e+02,4.312945705569655956e+02,4.274338903071217715e+02,4.409150850924434053e+02,4.009445552001004103e+02,3.971496946209020393e+02,3.949727738310468226e+02,3.239697806227752039e+02,2.092832453165003983e+02,1.925869683163994353e+02,2.659157369435020541e+02,4.047890582902065262e+02,3.865219757125640854e+02,3.950443454738044124e+02,4.423494936747915744e+02,4.500095438099112926e+02,4.522433085016431846e+02,9.099458768204844716e+01
8.826296540515382105e+01,4.516529108243737483e+02,4.543817027535137640e+02,4.361888413393141946e+02,4.354437398258690450e+02,4.319349856222052608e+02,4.298843518436052022e+02,4.411066465228712445e+02,4.496668705352078064e+02,4.524418919026628600e+02,4.551791401768585388e+02,4.707622326823119465e+02,4.168010874592480377e+02,4.669459916180373398e+02,4.799865927624450137e+02,3.688888358851737053e+02,3.592663899257300955e+02,4.062902384686103687e+02,4.453397507735006116e+02,4.543371807448635309e+02,4.564836308339780544e+02,9.091809969961263960e+01
9.331773480839629542e+01,4.569146333098030937e+02,4.566378654778627606e+02,4.372336464284831550e+02,4.359496107911876948e+02,4.337429022903669420e+02,4.283144553996505124e+02,4.465600628990241034e+02,4.471556728325192580e+02,4.462491132467115449e+02,4.492414194250376909e+02,4.494535398219512103e+02,4.619007430626483028e+02,4.476678607626240591e+02,4.386676055225749451e+02,4.550407045306465079e+02,4.553850598880059692e+02,4.547985225082877037e+02,4.463581122737362534e+02,4.596972825680597907e+02,4.484890531720114950e+02,8.309063959250144649e+01
9.442458376578701973e+01,4.547303113726882202e+02,4.513385226264059042e+02,4.341413187009453054e+02,4.342334761542892920e+02,4.315943344696986514e+02,4.257286572185743694e+02,4.402268979600089551e+02,4.440870346524819752e+02,4.421917775542470963e+02,4.446363650949501221e+02,4.458552441906352328e+02,4.473143350696475977e+02,4.458428779021999731e+02,4.388993650677736582e+02,4.378366746212387284e+02,4.395800384812361017e+02,4.412266769699040765e+02,4.444420819738936643e+02,4.661439095143560962e+02,4.194062955843059513e+02,5.775664114438952623e+01
9.640526515568386401e+01,4.654293648908324599e+02,4.556787461818178144e+02,4.386702262228636755e+02,4.426344928651137138e+02,4.377160039672314156e+02,4.370402340232445795e+02,4.475739543626824002e+02,4.484459453793126045e+02,4.446307549063027409e+02,4.499756568638396175e+02,4.486251417561111907e+02,4.554216318376528534e+02,4.521337716886537805e+02,4.507411617456331783e+02,4.444219223959550504e+02,4.421001393248175759e+02,4.503001208735404930e+02,4.493530136017179757e+02,4.738051982609316042e+02,4.321407936113668597e+02,5.592540861422020271e+01
8.087486515456087943e+01,4.263374452595440971e+02,4.696601333683202597e+02,4.423200966495681428e+02,4.442167450197561038e+02,4.409655283291039609e+02,4.382320962125671144e+02,4.248919396772782875e+02,4.565217997807176289e+02,4.463966449369021348e+02,4.509915321145105622e+02,4.526552283870757947e+02,4.551396264132004603e+02,4.551486860256426326e+02,4.513012712536473714e+02,4.489619357994732241e+02,4.460302944377484096e+02,4.529735173765114951e+02,4.507917276118128598e+02,4.852498287432649136e+02,3.818716572088177372e+02,3.502490139275986536e+01
3.220650020685320669e+01,3.678216015685938487e+02,4.915028535533135141e+02,4.397774533656028098e+02,4.381512904507759458e+02,4.329326635551690856e+02,4.260408236204015111e+02,4.515455932065714251e+02,4.488927383735931471e+02,4.440707946093619967e+02,4.436010534653174204e+02,4.433471039108030141e+02,4.518649939962475628e+02,4.505420346215523182e+02,4.508197074901653991e+02,4.474913192334590235e+02,4.448383253323433451e+02,4.479750721100634223e+02,4.543955320369065589e+02,4.975930791853141386e+02,2.689193619540995428e+02,1.015274000861961134e+01
6.667325901054999804e+01,4.676850908682581007e+02,4.820050948199304344e+02,4.501420539268087850e+02,4.678962625727434670e+02,4.594489688994480048e+02,4.442675281610304410e+02,4.617626708762848580e+02,4.531957380754338374e+02,4.506910113733455319e+02,4.514400735502090356e+02,4.573310515884427900e+02,4.625222225635325231e+02,4.591120754076981711e+02,4.594075516980399243e+02,4.581603667748460680e+02,4.534959844328307099e+02,4.637438520613174546e+02,4.818965019910666001e+02,4.946462070877081487e+02,1.326386989872349602e+02,1.813248906759329593e+00
3.369963666411413783e+01,2.987611720926784074e+02,4.515491779253686104e+02,4.702948532741099825e+02,3.974226219896930843e+02,4.501346760436459817e+02,4.852990751164562084e+02,4.046013167735972615e+02,4.821264717637833996e+02,4.864941940820168043e+02,4.845207639762219856e+02,4.861020208970262502e+02,4.801389243631409158e+02,4.902461588572419942e+02,4.900045351750820259e+02,4.809063325749847877e+02,4.916861324632726564e+02,4.693723207121317955e+02,4.048913589164546920e+02,2.041377251679178642e+02,3.584165234439626602e+01,6.056512370848717020e-02
1.325867566252870944e+01,1.445861575810773161e+02,8.819250640464363755e+01,4.593511043417324231e+02,5.639881710555753216e+02,7.889654838488910116e+01,2.259060038947767737e+02,1.075440567684542970e+02,3.622288421819480391e+02,3.664186441699234820e+02,3.842942695085645823e+02,3.063155628470437364e+02,3.123331075914793473e+02,2.748967439171717615e+02,2.204581798825499845e+02,2.291644707020747092e+02,2.288861570692081955e+02,8.839443328240760422e+01,5.274515566312395265e+01,1.111294867132454556e+01,4.740003961178292369e-01,1.024179518833869978e-08
1.509761181902666413e-03,1.887430386164384855e-02,8.293976042858556497e+00,8.321114844468171157e+01,1.099503692182343286e+02,1.946775088432277556e+01,2.812477145340814388e+00,7.180193697027855926e+00,1.998924860989107444e+01,2.168408626193355815e+01,2.556675956996838650e+01,1.809507071385900190e+01,2.057055652813413005e+01,1.286478236456660085e+01,5.647981419371043366e+00,5.151960604664858501e+00,5.799210596794595496e+00,1.218419285668359553e+00,2.881796585079391022e-03,0.000000000000000000e+00,0.000000000000000000e+00,0.000000000000000000e+00
