8.237316371492985415e-03,2.133264606244820172e+00,9.246815354370973239e+00,8.753496468152015098e+00,1.799859638027402786e+00,2.290878344563248792e+00,1.751187947185896210e+00,1.895528670350892453e+00,1.789687866897484270e+00,1.997132947206207154e+00,2.246233253180506484e+00,2.412577077321361507e+00,2.860122288500936083e+00,3.336877683556394025e+00,3.704327291755241891e+00,3.446172226980835696e+00,1.426054980663234106e+00,2.857199648626357114e+00,4.202222453781972789e+00,1.923134619027792924e+00,8.107588594382415526e-01,8.748234439143526876e-09
1.521323249352542761e-01,1.282126292717635252e+01,4.666610039089598416e+01,3.289962344255163629e+01,1.187658499539805135e+01,9.471511406072723460e+00,9.254330437414543198e+00,9.162925526756731998e+00,8.622276621537629637e+00,9.031125324065937932e+00,9.713192914558797852e+00,1.038242797426666719e+01,1.159238376323022379e+01,1.304572188606253746e+01,1.490943463030271765e+01,1.431639637578601487e+01,1.412651044769906683e+01,1.675904753681352588e+01,3.601090988660308057e+01,2.013084787389207619e+01,9.101864871770695586e+00,1.083471220624649400e-01
5.679960244529710378e-01,1.563692876664248388e+01,2.350469889038748406e+01,8.506962350158543629e+00,5.832058389051431924e+00,2.788121942969728373e+00,1.293259940479009718e+00,6.080175418307813551e-02,-1.609168873307306180e-01,3.823056346135615402e-01,7.864557917569365841e-01,1.252217502669919824e+00,2.266336627158581418e+00,3.463324928782680168e+00,5.693343809249599374e+00,8.363044290966449523e+00,1.180313441988292489e+01,1.182456355484113786e+01,1.553468809545809926e+01,1.878698718667681433e+01,2.755592439490442658e+01,5.707471618555879367e+00
6.914236591227306272e-01,1.024193878535476721e+01,1.184673295698937245e+01,-6.287922365040797823e-01,-5.831470779961829720e+00,-8.525379343031056933e+00,-1.057286013128888236e+01,-1.218773974619908529e+01,-1.258389855232859311e+01,-1.185689857000098790e+01,-1.179832642605452442e+01,-1.157040750186518530e+01,-1.101532910923091890e+01,-9.483075489898149968e+00,-6.238017706936891393e+00,-2.501052281986727799e+00,1.172033783039405863e+00,3.236757943259608972e+00,6.117311741872139663e+00,1.198611410376783049e+01,6.103950034413907844e+01,1.190952898102357693e+01
5.913932766849762102e-01,7.920503462379625326e+00,5.040798837446581970e+00,-7.947253097833957725e+00,-1.132234066515502491e+01,-1.283073611498971189e+01,-1.379611653868184895e+01,-1.478230651573633914e+01,-1.572336200131614525e+01,-1.530103732279135720e+01,-1.573750548386608905e+01,-1.530460530885864756e+01,-1.500787668597503099e+01,-1.292790604364904539e+01,-1.035947875702527199e+01,-7.655167748014865658e+00,-4.326085344563383117e+00,-8.631650010396871853e-01,3.260917092744238133e+00,9.193014320835692033e+00,6.490695502979956899e+00,2.005016285605713211e+00
8.405503129543895335e-01,9.096832818812647048e+00,4.587510877606683302e+00,-5.064030031629619621e+00,-7.906911932735208204e+00,-9.289018732464578321e+00,-1.117541802297551357e+01,-1.246613040784478166e+01,-1.324378992362508889e+01,-1.374765052638213980e+01,-1.390057523526616734e+01,-1.331456391962928265e+01,-1.237424077008118317e+01,-1.038148929678250099e+01,-8.263761234397282607e+00,-7.134762335736800409e+00,-3.690645694352258310e+00,-2.610948701776226066e+00,1.707198260009331614e+00,1.285394605953242753e+01,7.207682415566255330e+00,9.109254099149258210e-02
8.672501887993163683e-01,6.570765432022962038e+00,6.538235066493918168e+00,2.169784191854465139e+00,-9.235298527297413074e-01,-4.268832419159723557e+00,-4.716489537468024906e+00,-6.158063885901968071e+00,-1.039294279632315643e+01,-1.225449949468331212e+01,-1.220648418973836336e+01,-1.080453699249044242e+01,-6.254372989837844621e+00,-4.256467647011373145e+00,-3.971488257176015058e+00,-4.691540173321254170e-02,2.016137699239830550e+00,4.058039557326496016e+00,7.613219210873359621e+00,7.873868457499713536e+00,1.697692448548129285e+00,1.445527556370256872e-01
6.917379215135916581e+00,2.100065970806651094e+01,1.056757910203389628e+01,2.260275705755181885e+00,5.351858247345464559e-01,-6.049407822850709771e-01,-4.178606510957511011e-01,-5.718688718887093847e-01,-7.984133289955648749e+00,-1.254536004725928677e+01,-1.270440145099440343e+01,-9.114150181981024446e+00,1.565933708423077109e+00,2.679329762722536312e+00,2.457713090030537728e+00,3.908772138325787182e+00,4.170563810199691801e+00,7.350658560084926130e+00,1.298492108935883671e+01,1.734279194754878262e+01,1.870542202355320782e+01,8.663484903222551381e-01
6.891820677263704731e+00,2.825373725314283746e+01,1.416723921872413783e+01,1.630001851704430127e+00,-1.285085669456286661e+00,-9.131495769532873563e-01,2.212431273431888501e-01,1.833817522701312042e-01,-8.414693273053460487e+00,-1.551167587638743051e+01,-1.550243677333233094e+01,-7.315638529542187740e+00,2.771579676271396675e+00,3.488025158253284186e+00,2.572858228421898819e+00,2.678222829651702774e+00,3.994540991811127650e+00,6.860568149301717433e+00,1.339267341426361391e+01,2.454381348973267762e+01,2.236611928514862058e+01,1.186242819728311026e+00
5.348293765824040591e+00,2.584106052295332390e+01,1.530787598172457997e+01,3.582370537565147117e+00,6.871048608197041219e-01,7.454597465873877282e-02,6.006642090221095964e-01,-1.532566778949026931e+00,-1.212020648339933082e+01,-1.931235509646385395e+01,-2.040036142811728226e+01,-1.075366920839936036e+01,1.918371305904865043e+00,3.301769705796782084e+00,3.233483112714201191e+00,2.943202638250886238e+00,5.259313470849132699e+00,8.838070639218271296e+00,1.532917028946132199e+01,2.270663991256595082e+01,2.351693481188594248e+01,1.381465237215138142e+00
5.237500901795127284e+00,2.396173507030600192e+01,1.471631424498975349e+01,5.246058720502460915e+00,2.640881947119132267e+00,1.025484336449723033e+00,3.090613804281787669e-01,-5.362943652889677004e+00,-1.713823169775056598e+01,-2.416089622011302396e+01,-2.512828638959386751e+01,-1.845848349462636051e+01,1.221205942032340452e+00,2.912068361941034134e+00,4.454556552731630426e+00,6.032273651161003336e+00,9.010575146627923360e+00,1.100670369935851589e+01,1.504994155738562611e+01,2.144895563065844257e+01,1.809573762419973519e+01,8.273615054492183818e-01
2.237456926034724347e+00,1.858738684058013746e+01,1.373476397104293056e+01,5.130141138225820185e+00,2.244291204454302857e+00,2.983413556195212979e-01,-1.398487859956067059e+00,-8.630007310307536983e+00,-2.156982372819776828e+01,-2.900336990935922543e+01,-2.995552536758163242e+01,-1.587839137331117989e+01,-4.085898043314734274e+00,1.251407930081017028e+00,4.312817589133256746e+00,6.622608489755793748e+00,8.874559366488632861e+00,1.051213528759568305e+01,1.437206178756833452e+01,2.001784644957990622e+01,1.388712845823009623e+01,9.885820315163318384e-01
1.834887294144507797e+00,1.750317293764599214e+01,1.364626825563737178e+01,4.594196191349467107e+00,9.389501545859134657e-01,-1.547362674273524696e+00,-3.913941251333885596e+00,-1.173473371992002434e+01,-2.658067134250322283e+01,-3.429753239668057319e+01,-3.511085136172398080e+01,-2.878932630923394953e+01,-8.381457460580046259e+00,-2.865964551651900560e+00,2.655336312310076607e+00,5.927444031532042246e+00,8.593405407734485024e+00,1.023977294327308307e+01,1.427855943415254281e+01,2.122960998676314759e+01,1.211014566342470822e+01,4.387232624419387106e-01
1.507131736406810196e+00,1.673832825553788695e+01,1.442857180474015877e+01,4.687384240044653261e+00,-1.128257404085909882e-01,-2.863701253821213211e+00,-5.562675429996627230e+00,-1.467650709442970935e+01,-3.283807026826544018e+01,-3.865282990832362486e+01,-3.911428453442848507e+01,-3.712878025141566241e+01,-8.407085313302735230e+00,-4.563813863622603328e+00,1.970941864557142209e-01,4.380370127906868305e+00,8.077239659984652320e+00,1.076343905794962197e+01,1.496671286776517107e+01,2.071861429018792222e+01,8.251610878779631619e+00,9.163186722543135987e-02
1.869960582296612550e+00,1.919577037175695366e+01,1.591957746608922974e+01,4.787263838415571016e+00,-4.506214206072147177e-01,-3.020758340896239513e+00,-5.388745557338145531e+00,-1.662790056402603867e+01,-3.577690328139483711e+01,-4.174423675158232783e+01,-4.264057511773608411e+01,-3.870291251841359070e+01,-1.960589746890679663e+01,-3.463000077917079089e+00,-6.090041162868082836e-01,3.239073625792838307e+00,7.344424016764314445e+00,1.083878961539054409e+01,1.587868004599522820e+01,2.266091178913339022e+01,1.242725678701338055e+01,1.711145252002764794e-01
1.146467121019489444e+00,1.762153742257689615e+01,1.804114289630270207e+01,5.847303022258589777e+00,1.890825332138570125e-01,-2.303623930206876835e+00,-4.312467117668652428e+00,-1.094330798368788038e+01,-2.154788442547451055e+01,-2.628546652838969422e+01,-2.673007029001773915e+01,-1.680825695307186152e+01,-7.419863486849687106e+00,-2.893800355619020603e+00,5.223113672262447160e-02,3.235363505156056974e+00,6.956530465168514255e+00,1.069886383106739558e+01,1.483101799567545243e+01,1.531344581405600991e+01,3.242086766412264343e+00,4.695376214126242148e-02
1.289865265624881241e+00,1.767775158984759543e+01,2.120394685087610753e+01,7.442945325365801779e+00,1.834593928481063063e+00,-1.115307895038782471e+00,-3.396195250135464416e+00,-8.756800448085792610e+00,-1.554511783000437752e+01,-1.970459259604248814e+01,-1.860273070086070035e+01,-1.411069973063726479e+01,-7.920345538254015771e+00,-3.591191829487866638e+00,2.767245358395786781e-01,3.844207084527199392e+00,7.502228124309475277e+00,1.154645195787342971e+01,1.522670981919156397e+01,1.167424945807350412e+01,8.988074144440622026e-01,1.237115704246189525e-04
1.757694708332695699e+00,2.612287973537000241e+01,2.470544523622799815e+01,9.814948335665549806e+00,3.363921312989742507e+00,-9.697733413804828784e-01,-3.738745508420795893e+00,-9.312942404636720184e+00,-1.487079532372571400e+01,-1.686415614414426045e+01,-1.656235320015256463e+01,-1.332655928520043354e+01,-8.861344005339075736e+00,-4.673936669148533340e+00,-2.339026597129366114e-01,4.719803404823904813e+00,8.131976397280981317e+00,1.046600474556502647e+01,1.430244479497562970e+01,1.354660943664024586e+01,1.069073180531336931e+00,0.000000000000000000e+00
6.573246302942979957e-01,1.738443598186296413e+01,2.847099610497791389e+01,1.359196992280768157e+01,5.397432146843621048e+00,1.231166424321576303e+00,-4.934259693062820751e-01,-5.157528956440815548e+00,-9.373426918111997352e+00,-1.145203393140622339e+01,-1.089284243730606327e+01,-8.122225438252620222e+00,-4.628154760697487546e+00,-7.497159700926006032e-01,3.454625784339606653e+00,7.069705422046206778e+00,1.206613455826148673e+01,1.530147572774780507e+01,1.332743353600300829e+01,5.406184303872053398e+00,4.098558535541234615e-01,0.000000000000000000e+00
4.220927421730961276e-02,6.436154565632899782e+00,2.114205742742126759e+01,1.835223632162169949e+01,1.473734110636388017e+01,1.082256337018200831e+01,7.427332986688277572e+00,2.779388061472511051e+00,-1.039058416212347735e+00,-1.608457238309701998e+00,-1.252704565200429165e+00,1.493040368617080949e-01,3.249270139425302517e+00,7.074639160609977218e+00,1.114090842908090018e+01,1.385435540940970789e+01,1.561749396042755933e+01,1.486999621938027083e+01,1.523487806964514668e+01,3.872010463811152547e+00,3.814485822240185932e-03,0.000000000000000000e+00
2.436538011627443882e-04,5.590152141346678150e-01,2.091615221957265902e+00,1.070800386804768856e+01,1.952844176867192161e+01,1.585998936219668387e+01,7.899276849666796885e+00,4.461091827378366403e+00,1.547165041605147673e+00,5.222532760819137421e-01,7.773333014562805454e-01,1.920073747140802034e+00,4.406525230891396916e+00,8.237653474001559673e+00,1.352972684166262418e+01,1.261810486652650809e+01,7.119526572632795869e+00,3.002578125146551535e+00,2.244882268418094462e+00,4.158064843838640279e-01,4.008690366831699025e-05,0.000000000000000000e+00
0.000000000000000000e+00,6.357024240519246150e-07,3.405974968435768885e-02,1.753202513237875237e+00,5.430346481614606091e+00,4.357218710760681901e+00,8.054909958537328496e-01,6.483814830916128091e-01,4.800715366753373625e-01,2.669584294927972445e-01,3.665555775623235979e-01,6.198081181331707157e-01,9.166128695786043279e-01,1.414712409114746272e+00,1.851578695749771075e+00,1.221742237740305104e+00,1.889976847099468227e-01,1.747133880726054952e-02,6.425753486320005402e-05,6.454567001740759257e-09,0.000000000000000000e+00,0.000000000000000000e+00
